$ANSIBLE_VAULT;1.1;AES256
39653564316639646133363332636335363663643834663636626635396335643564343635336564
6163303238643063393138366238663165333535626131360a653662613235323333326334333035
34373664353335356630613838353063363633643363623163393362326435346138306164363437
3435343039396466330a306633363466303538386237616233363235336131646437373638613562
33333338393738653131393233386130633364333362373335326264353738613963363730393466
63663164626432306633383664323731393935366333653561303437623361663333383233623132
38653339313034356434643137303163323838333638623833363534303933313264383139393863
31356539396438306635626535386334326666393433353332393661643038386335353936626434
35323032313264646536396162626431383733353164373962646162623535643363326331313064
39363063313564363130623565633138363432326163303266376236386265366363663731623539
31373863316663333630316532633734346334366365303538626331613266333636623335333136
32623666656362336636313663646162666162613262643465623933343561303233386439306235
65343263313039373038626662633431313464636261623539323565663766363237356530303233
39343361616264643535636565663664356438353933636634326130643763663264636634363963
65383635313431316561636639333764383364326332633462386435316231326563613535363032
30326138656339313539
