$ANSIBLE_VAULT;1.1;AES256
62393137366637653938633139303534313666633066366239386365666665653431363334393039
3634633137333263313130363031616339396162343765310a316165313466343163653533333031
32653930656531303465316263393564633534356233646164323131356239613361643566333038
3862316136323566330a623763393338616163363563383661383831666538326566366232396631
32313634653266616339393164613036666239313662333135663562666533656265626362616239
32356639633461643630636230346630653930616433393139653338623435626237636662386531
34613234643862613766346230323665386337363036353361623562316238326161663137343436
64346162623238616331316464636664633765353765383632373863376139653536613132626566
61336537646263386530383635333936373433313466346631643263376531303939626339363664
66333730323033373934663863366166333732306332616530336139633731373665323734353130
39383664666666373038653463306262333234356465363865643331313763396536326437653434
39393939653566316234623336343537386466653635616232646138363739646238656234323430
37343033356637316661633832336461323638303338643036326534303239626132343063633135
31653534346130333831663161363932616461646262643836373832636536393031376535336663
36353536656431346131616262333431613461313735323832396663363630643936663264666434
65353765313830356230373832323265313261353138353435383730323461343638666636346162
64663332626264343535613133383664316431313334633364366437636530616333386137653034
30366266303461653133663134653531326565643064383264386337383963613734393566623539
63616231363034386566663365653633353030323232363933613739386139373533643965633939
38383539343235316465616266656232363464626464613830613030656135383330396561316331
65316532383362613733323833613464316662636332666461313134653163313236636135353266
62396362363533623364303135383362653635303865373031316333633430393261323139376130
31663735306632626265616333663130323535666465663964333432303134336539313032326361
62313065613932653836333065646632383765303839653537396364366132336435633738353833
37373837663266313037306234366362373266643264626533656563313066326161326136383535
37333763383638393431363664306234323630666466633730613639616466393164373062633239
363532326233366333613765393664643534
